0 0.365966 0.889610 0.024967 0.038961
0 0.328515 0.889610 0.034166 0.050093
0 0.216820 0.885900 0.028909 0.042672
0 0.292378 0.889610 0.035480 0.053803
0 0.179369 0.887755 0.035480 0.050093
0 0.777267 0.842301 0.032852 0.048237
0 0.739816 0.840445 0.031537 0.044527
0 0.328515 0.833952 0.028909 0.038961
0 0.141919 0.833024 0.028909 0.040816
0 0.777267 0.788497 0.032852 0.044527
0 0.515769 0.782931 0.030223 0.040816
0 0.441524 0.782931 0.026281 0.040816
0 0.181340 0.782931 0.028909 0.040816
0 0.105782 0.780148 0.027595 0.038961
0 0.328515 0.781076 0.031537 0.044527
0 0.141261 0.780148 0.030223 0.042672
0 0.815375 0.737477 0.032852 0.046382
0 0.777267 0.735622 0.030223 0.042672
0 0.703022 0.734694 0.031537 0.044527
0 0.366623 0.728200 0.028909 0.038961
0 0.479632 0.730983 0.036794 0.048237
0 0.105782 0.727273 0.027595 0.040816
0 0.929041 0.686456 0.034166 0.044527
0 0.855453 0.685529 0.034166 0.046382
0 0.777924 0.681818 0.031537 0.046382
0 0.740473 0.679963 0.032852 0.042672
0 0.628121 0.679035 0.028909 0.040816
0 0.516426 0.677180 0.028909 0.040816
0 0.330486 0.675325 0.030223 0.040816
0 0.219448 0.674397 0.026281 0.038961
0 0.441524 0.675325 0.031537 0.044527
0 0.367937 0.675325 0.031537 0.044527
0 0.481603 0.675325 0.035480 0.051948
0 0.814717 0.630798 0.031537 0.044527
0 0.702365 0.630798 0.035480 0.048237
0 0.740473 0.628015 0.032852 0.046382
0 0.591984 0.626160 0.030223 0.042672
0 0.554534 0.627087 0.031537 0.048237
0 0.442838 0.623377 0.028909 0.040816
0 0.144547 0.621521 0.028909 0.040816
0 0.107753 0.620594 0.028909 0.038961
0 0.368594 0.621521 0.032852 0.044527
0 0.330486 0.622449 0.032852 0.046382
0 0.294350 0.621521 0.031537 0.044527
0 0.181340 0.620594 0.031537 0.042672
0 0.256899 0.620594 0.032852 0.046382
0 0.741787 0.576994 0.024967 0.033395
0 0.591984 0.574212 0.019711 0.027829
0 0.816689 0.576994 0.030223 0.040816
0 0.702365 0.576067 0.032852 0.046382
0 0.626807 0.575139 0.034166 0.044527
0 0.145204 0.568646 0.024967 0.031540
0 0.666229 0.576994 0.036794 0.051948
0 0.553219 0.573284 0.036794 0.048237
0 0.480289 0.572356 0.032852 0.046382
0 0.369251 0.570501 0.028909 0.042672
0 0.331800 0.570501 0.032852 0.042672
0 0.183311 0.568646 0.027595 0.038961
0 0.107096 0.566790 0.030223 0.042672
0 0.068331 0.566790 0.031537 0.046382
0 0.703679 0.525046 0.027595 0.037106
0 0.777924 0.525046 0.034166 0.048237
0 0.666886 0.521336 0.030223 0.040816
0 0.591984 0.521336 0.027595 0.040816
0 0.628778 0.521336 0.030223 0.044527
0 0.554534 0.520408 0.028909 0.042672
0 0.480946 0.519481 0.028909 0.040816
0 0.369908 0.518553 0.030223 0.038961
0 0.183311 0.516698 0.027595 0.038961
0 0.442838 0.520408 0.034166 0.050093
0 0.258213 0.518553 0.032852 0.046382
0 0.145861 0.514842 0.026281 0.038961
0 0.220762 0.515770 0.031537 0.044527
0 0.107753 0.514842 0.028909 0.042672
0 0.704336 0.472171 0.031537 0.042672
0 0.666229 0.470315 0.028909 0.038961
0 0.629435 0.471243 0.028909 0.040816
0 0.517740 0.468460 0.031537 0.046382
0 0.443495 0.467532 0.032852 0.044527
0 0.407359 0.465677 0.028909 0.040816
0 0.221419 0.463822 0.027595 0.037106
0 0.145861 0.463822 0.028909 0.040816
0 0.480289 0.466605 0.035480 0.050093
0 0.259527 0.462894 0.032852 0.042672
0 0.183311 0.462894 0.030223 0.042672
0 0.109067 0.461967 0.028909 0.040816
0 0.068988 0.463822 0.035480 0.048237
0 0.704993 0.420223 0.030223 0.042672
0 0.630092 0.417440 0.027595 0.040816
0 0.591984 0.417440 0.027595 0.040816
0 0.517740 0.415584 0.026281 0.037106
0 0.480289 0.415584 0.030223 0.040816
0 0.370565 0.412801 0.026281 0.035250
0 0.333114 0.412801 0.027595 0.038961
0 0.258870 0.412801 0.028909 0.038961
0 0.183968 0.411874 0.026281 0.037106
0 0.221419 0.412801 0.032852 0.042672
0 0.296321 0.411874 0.030223 0.044527
0 0.555848 0.363636 0.023653 0.033395
0 0.779238 0.369202 0.034166 0.048237
0 0.704993 0.366419 0.030223 0.042672
0 0.518397 0.362709 0.024967 0.035250
0 0.741130 0.366419 0.031537 0.046382
0 0.259527 0.358998 0.024967 0.035250
0 0.482917 0.361781 0.032852 0.044527
0 0.222733 0.359926 0.027595 0.040816
0 0.183968 0.359926 0.031537 0.040816
0 0.443495 0.360853 0.030223 0.046382
0 0.779895 0.314471 0.030223 0.042672
0 0.556505 0.312616 0.024967 0.038961
0 0.593298 0.311688 0.027595 0.040816
0 0.148489 0.306122 0.021025 0.029685
0 0.480946 0.309833 0.031537 0.040816
0 0.518397 0.310761 0.032852 0.046382
0 0.297635 0.308905 0.030223 0.042672
0 0.260184 0.307978 0.028909 0.040816
0 0.222733 0.307050 0.027595 0.038961
0 0.519711 0.261596 0.022339 0.033395
0 0.593298 0.260668 0.027595 0.038961
0 0.482260 0.259740 0.028909 0.040816
0 0.668857 0.259740 0.031537 0.044527
0 0.555848 0.259740 0.031537 0.044527
0 0.444809 0.258813 0.030223 0.042672
0 0.333771 0.256957 0.028909 0.042672
0 0.260184 0.254174 0.026281 0.037106
0 0.071616 0.250464 0.035480 0.044527
0 0.668200 0.208720 0.030223 0.042672
0 0.593298 0.208720 0.030223 0.042672
0 0.557162 0.207792 0.028909 0.040816
0 0.519054 0.207792 0.028909 0.040816
0 0.482917 0.206865 0.027595 0.042672
0 0.445466 0.206865 0.031537 0.042672
0 0.260841 0.203154 0.024967 0.035250
0 0.408673 0.205009 0.028909 0.042672
0 0.147832 0.200371 0.024967 0.033395
0 0.222733 0.203154 0.030223 0.042672
0 0.706307 0.156772 0.024967 0.035250
0 0.556505 0.154917 0.024967 0.031540
0 0.482917 0.154917 0.027595 0.038961
0 0.446124 0.153989 0.027595 0.037106
0 0.781209 0.156772 0.032852 0.046382
0 0.743101 0.155844 0.030223 0.044527
0 0.594612 0.153061 0.024967 0.038961
0 0.521025 0.154917 0.027595 0.042672
0 0.409330 0.153989 0.030223 0.040816
0 0.630092 0.154917 0.030223 0.046382
0 0.224047 0.151206 0.027595 0.038961
0 0.071616 0.148423 0.035480 0.048237
0 0.372536 0.100186 0.017083 0.025974
0 0.856767 0.104824 0.028909 0.042672
0 0.780552 0.103896 0.031537 0.048237
0 0.743101 0.102968 0.030223 0.046382
0 0.522339 0.100186 0.032852 0.051948
0 0.408016 0.099258 0.035480 0.050093
0 0.223390 0.095547 0.031537 0.046382
0 0.260841 0.095547 0.035480 0.050093