0 0.785414 0.942383 0.058906 0.041016
0 0.882188 0.940430 0.058906 0.041016
0 0.722300 0.939453 0.058906 0.041016
0 0.356241 0.933594 0.056101 0.039062
0 0.514727 0.930664 0.058906 0.041016
0 0.458626 0.929688 0.058906 0.041016
0 0.295933 0.928711 0.058906 0.041016
0 0.136045 0.928711 0.058906 0.041016
0 0.192146 0.929688 0.056101 0.039062
0 0.215989 0.909180 0.058906 0.041016
0 0.063114 0.907227 0.058906 0.041016
0 0.778401 0.897461 0.058906 0.041016
0 0.835905 0.895508 0.058906 0.041016
0 0.670407 0.894531 0.058906 0.041016
0 0.722300 0.895508 0.053296 0.037109
0 0.514727 0.894531 0.056101 0.039062
0 0.458626 0.892578 0.058906 0.041016
0 0.350631 0.891602 0.058906 0.041016
0 0.298738 0.891602 0.047686 0.033203
0 0.133240 0.889648 0.047686 0.033203
0 0.196353 0.886719 0.053296 0.037109
0 0.248247 0.882812 0.047686 0.033203
0 0.096774 0.877930 0.036466 0.025391
0 0.541374 0.865234 0.058906 0.041016
0 0.887798 0.860352 0.058906 0.041016
0 0.500701 0.859375 0.058906 0.041016
0 0.775596 0.858398 0.058906 0.041016
0 0.677419 0.857422 0.058906 0.041016
0 0.617111 0.856445 0.056101 0.039062
0 0.352034 0.853516 0.053296 0.037109
0 0.138850 0.852539 0.053296 0.037109
0 0.298738 0.853516 0.050491 0.035156
0 0.406732 0.853516 0.047686 0.033203
0 0.517532 0.833984 0.058906 0.041016
0 0.887798 0.823242 0.056101 0.039062
0 0.778401 0.819336 0.053296 0.037109
0 0.082749 0.816406 0.056101 0.039062
0 0.566620 0.817383 0.050491 0.035156
0 0.246844 0.816406 0.050491 0.035156
0 0.460028 0.817383 0.047686 0.033203
0 0.406732 0.815430 0.047686 0.033203
0 0.354839 0.815430 0.047686 0.033203
0 0.295933 0.812500 0.056101 0.039062
0 0.140252 0.813477 0.047686 0.033203
0 0.893408 0.784180 0.058906 0.041016
0 0.834502 0.784180 0.053296 0.037109
0 0.461431 0.782227 0.058906 0.041016
0 0.520337 0.780273 0.058906 0.041016
0 0.618513 0.781250 0.053296 0.037109
0 0.778401 0.782227 0.047686 0.033203
0 0.085554 0.777344 0.056101 0.039062
0 0.671809 0.780273 0.044881 0.031250
0 0.194951 0.778320 0.047686 0.033203
0 0.248247 0.778320 0.047686 0.033203
0 0.140252 0.777344 0.050491 0.035156
0 0.300140 0.778320 0.044881 0.031250
0 0.896213 0.746094 0.058906 0.041016
0 0.834502 0.747070 0.047686 0.033203
0 0.779804 0.746094 0.047686 0.033203
0 0.242637 0.741211 0.058906 0.041016
0 0.461431 0.742188 0.056101 0.039062
0 0.360449 0.742188 0.056101 0.039062
0 0.085554 0.740234 0.058906 0.041016
0 0.619916 0.743164 0.047686 0.033203
0 0.674614 0.743164 0.047686 0.033203
0 0.301543 0.741211 0.047686 0.033203
0 0.140252 0.740234 0.050491 0.035156
0 0.408135 0.742676 0.039271 0.028320
0 0.194951 0.740234 0.044881 0.031250
0 0.890603 0.708008 0.056101 0.039062
0 0.779804 0.708008 0.047686 0.033203
0 0.835905 0.709961 0.042076 0.029297
0 0.356241 0.704102 0.053296 0.037109
0 0.465638 0.704102 0.053296 0.037109
0 0.140252 0.704102 0.053296 0.037109
0 0.674614 0.702148 0.058906 0.041016
0 0.619916 0.706055 0.044881 0.031250
0 0.194951 0.701172 0.058906 0.041016
0 0.248247 0.701172 0.056101 0.039062
0 0.514727 0.705078 0.044881 0.031250
0 0.408135 0.705078 0.044881 0.031250
0 0.568022 0.706055 0.042076 0.029297
0 0.893408 0.671875 0.058906 0.041016
0 0.251052 0.670898 0.056101 0.039062
0 0.835905 0.670898 0.053296 0.037109
0 0.727910 0.669922 0.047686 0.033203
0 0.781206 0.670898 0.044881 0.031250
0 0.675316 0.670410 0.040673 0.028320
0 0.086957 0.666016 0.053296 0.037109
0 0.516129 0.668945 0.044881 0.031250
0 0.461431 0.668945 0.044881 0.031250
0 0.141655 0.666016 0.053296 0.037109
0 0.621318 0.668945 0.042076 0.029297
0 0.408135 0.666992 0.047686 0.033203
0 0.835905 0.637695 0.058906 0.041016
0 0.894811 0.633789 0.056101 0.039062
0 0.245442 0.631836 0.056101 0.039062
0 0.676017 0.631836 0.050491 0.035156
0 0.088359 0.628906 0.058906 0.041016
0 0.621318 0.631836 0.044881 0.031250
0 0.729313 0.631836 0.044881 0.031250
0 0.568022 0.631836 0.044881 0.031250
0 0.408135 0.629883 0.047686 0.033203
0 0.464236 0.630859 0.044881 0.031250
0 0.144460 0.628906 0.047686 0.033203
0 0.516830 0.631348 0.037868 0.026367
0 0.312763 0.624023 0.058906 0.041016
0 0.838710 0.598633 0.053296 0.037109
0 0.517532 0.594727 0.056101 0.039062
0 0.088359 0.592773 0.056101 0.039062
0 0.781206 0.596680 0.044881 0.031250
0 0.725105 0.595703 0.047686 0.033203
0 0.141655 0.592773 0.053296 0.037109
0 0.357644 0.593750 0.047686 0.033203
0 0.676017 0.594727 0.044881 0.031250
0 0.415147 0.595703 0.042076 0.029297
0 0.569425 0.594727 0.042076 0.029297
0 0.622721 0.595215 0.039271 0.028320
0 0.464236 0.593750 0.044881 0.031250
0 0.248247 0.587891 0.058906 0.041016
0 0.837307 0.560547 0.044881 0.031250
0 0.781206 0.560547 0.044881 0.031250
0 0.568022 0.558594 0.047686 0.033203
0 0.410940 0.555664 0.053296 0.037109
0 0.730014 0.560547 0.040673 0.027344
0 0.676017 0.559570 0.042076 0.029297
0 0.356241 0.555664 0.050491 0.035156
0 0.464236 0.555664 0.047686 0.033203
0 0.621318 0.558594 0.036466 0.025391
0 0.144460 0.554688 0.044881 0.031250
0 0.834502 0.526367 0.058906 0.041016
0 0.890603 0.525391 0.058906 0.041016
0 0.089762 0.519531 0.058906 0.041016
0 0.729313 0.523438 0.047686 0.033203
0 0.784011 0.523438 0.042076 0.029297
0 0.517532 0.520508 0.047686 0.033203
0 0.676017 0.520508 0.047686 0.033203
0 0.144460 0.519531 0.047686 0.033203
0 0.197756 0.518555 0.050491 0.035156
0 0.305750 0.519531 0.047686 0.033203
0 0.624123 0.521973 0.039271 0.026367
0 0.571529 0.520996 0.040673 0.028320
0 0.359046 0.516602 0.053296 0.037109
0 0.894811 0.487305 0.058906 0.041016
0 0.253857 0.483398 0.056101 0.039062
0 0.784011 0.487305 0.044881 0.031250
0 0.570827 0.484375 0.047686 0.033203
0 0.677419 0.484375 0.044881 0.031250
0 0.838710 0.486328 0.039271 0.027344
0 0.730715 0.485352 0.042076 0.029297
0 0.410940 0.483398 0.047686 0.033203
0 0.091164 0.479492 0.058906 0.041016
0 0.624123 0.484375 0.042076 0.029297
0 0.145863 0.481445 0.050491 0.035156
0 0.305750 0.482422 0.047686 0.033203
0 0.517532 0.483398 0.044881 0.031250
0 0.199158 0.481445 0.047686 0.033203
0 0.465638 0.483398 0.042076 0.029297
0 0.894811 0.448242 0.056101 0.039062
0 0.784011 0.449219 0.044881 0.031250
0 0.141655 0.446289 0.053296 0.037109
0 0.464236 0.446289 0.053296 0.037109
0 0.729313 0.448242 0.044881 0.031250
0 0.625526 0.447266 0.047686 0.033203
0 0.838710 0.449219 0.042076 0.029297
0 0.305750 0.446289 0.047686 0.033203
0 0.359046 0.446289 0.047686 0.033203
0 0.517532 0.446289 0.044881 0.031250
0 0.088359 0.443359 0.047686 0.033203
0 0.253857 0.444336 0.044881 0.031250
0 0.199158 0.444336 0.042076 0.029297
0 0.516129 0.413086 0.053296 0.037109
0 0.896213 0.411133 0.056101 0.039062
0 0.840112 0.412109 0.047686 0.033203
0 0.417952 0.408203 0.056101 0.039062
0 0.573633 0.411133 0.047686 0.033203
0 0.730715 0.411133 0.047686 0.033203
0 0.785414 0.411133 0.044881 0.031250
0 0.088359 0.406250 0.053296 0.037109
0 0.251052 0.407227 0.047686 0.033203
0 0.727910 0.376953 0.053296 0.037109
0 0.626928 0.374023 0.056101 0.039062
0 0.518934 0.374023 0.047686 0.033203
0 0.786816 0.374023 0.047686 0.033203
0 0.840112 0.374023 0.047686 0.033203
0 0.145863 0.370117 0.056101 0.039062
0 0.467041 0.373047 0.044881 0.031250
0 0.357644 0.368164 0.058906 0.041016
0 0.573633 0.374023 0.042076 0.029297
0 0.199158 0.371094 0.047686 0.033203
0 0.307153 0.372070 0.044881 0.031250
0 0.413745 0.372070 0.044881 0.031250
0 0.089762 0.370117 0.047686 0.033203
0 0.253857 0.371094 0.042076 0.029297
0 0.896914 0.374512 0.032258 0.022461
0 0.520337 0.338867 0.056101 0.039062
0 0.897616 0.335938 0.058906 0.041016
0 0.419355 0.333008 0.058906 0.041016
0 0.786816 0.336914 0.044881 0.031250
0 0.626928 0.335938 0.047686 0.033203
0 0.838710 0.332031 0.058906 0.041016
0 0.465638 0.334961 0.047686 0.033203
0 0.089762 0.332031 0.056101 0.039062
0 0.573633 0.335938 0.044881 0.031250
0 0.733520 0.335938 0.044881 0.031250
0 0.307153 0.334961 0.044881 0.031250
0 0.200561 0.333008 0.047686 0.033203
0 0.361150 0.334473 0.040673 0.028320
0 0.147265 0.332031 0.042076 0.029297
0 0.739130 0.302734 0.058906 0.041016
0 0.366059 0.301758 0.058906 0.041016
0 0.091164 0.295898 0.058906 0.041016
0 0.680224 0.300781 0.044881 0.031250
0 0.573633 0.299805 0.044881 0.031250
0 0.253857 0.295898 0.056101 0.039062
0 0.307153 0.296875 0.044881 0.031250
0 0.924264 0.289062 0.042076 0.029297
0 0.164095 0.270508 0.058906 0.041016
0 0.896213 0.264648 0.058906 0.041016
0 0.835905 0.264648 0.058906 0.041016
0 0.743338 0.258789 0.058906 0.041016
0 0.467041 0.260742 0.047686 0.033203
0 0.680224 0.258789 0.053296 0.037109
0 0.791725 0.261719 0.040673 0.029297
0 0.520337 0.260742 0.044881 0.031250
0 0.628331 0.261719 0.042076 0.029297
0 0.575035 0.261719 0.039271 0.027344
0 0.253857 0.258789 0.047686 0.033203
0 0.304348 0.255859 0.056101 0.039062
0 0.089762 0.255859 0.053296 0.037109
0 0.360449 0.256836 0.047686 0.033203
0 0.304348 0.227539 0.058906 0.041016
0 0.844320 0.225586 0.047686 0.033203
0 0.196353 0.223633 0.053296 0.037109
0 0.899018 0.225586 0.047686 0.033203
0 0.413745 0.223633 0.047686 0.033203
0 0.683029 0.224609 0.044881 0.031250
0 0.789621 0.224609 0.044881 0.031250
0 0.575035 0.224609 0.044881 0.031250
0 0.630435 0.224609 0.040673 0.029297
0 0.461431 0.219727 0.056101 0.039062
0 0.522440 0.224121 0.040673 0.028320
0 0.253857 0.221680 0.044881 0.031250
0 0.093969 0.218750 0.050491 0.035156
0 0.901823 0.188477 0.058906 0.041016
0 0.255259 0.188477 0.056101 0.039062
0 0.737728 0.186523 0.058906 0.041016
0 0.844320 0.188477 0.044881 0.031250
0 0.199158 0.184570 0.056101 0.039062
0 0.091164 0.182617 0.058906 0.041016
0 0.360449 0.186523 0.047686 0.033203
0 0.683029 0.185547 0.047686 0.033203
0 0.626928 0.180664 0.058906 0.041016
0 0.467041 0.185547 0.044881 0.031250
0 0.147265 0.184570 0.047686 0.033203
0 0.523142 0.184570 0.044881 0.031250
0 0.415147 0.185547 0.042076 0.029297
0 0.308555 0.183594 0.047686 0.033203
0 0.577139 0.185059 0.037868 0.028320
0 0.844320 0.149414 0.058906 0.041016
0 0.901823 0.149414 0.058906 0.041016
0 0.737728 0.148438 0.056101 0.039062
0 0.793829 0.151367 0.042076 0.029297
0 0.626928 0.148438 0.047686 0.033203
0 0.363254 0.147461 0.044881 0.031250
0 0.468443 0.148438 0.042076 0.029297
0 0.523142 0.148438 0.042076 0.029297
0 0.255259 0.145508 0.047686 0.033203
0 0.416550 0.147461 0.039271 0.027344
0 0.147265 0.144531 0.047686 0.033203
0 0.684432 0.148438 0.033661 0.025391
0 0.203366 0.145508 0.044881 0.031250
0 0.093969 0.145508 0.044881 0.031250
0 0.638149 0.118164 0.056101 0.039062
0 0.678822 0.115234 0.058906 0.041016
0 0.899018 0.112305 0.058906 0.041016
0 0.078541 0.112305 0.058906 0.041016
0 0.259467 0.107422 0.058906 0.041016
0 0.523142 0.110352 0.047686 0.033203
0 0.576438 0.110352 0.047686 0.033203
0 0.148668 0.104492 0.058906 0.041016
0 0.363254 0.109375 0.044881 0.031250
0 0.200561 0.108398 0.047686 0.033203
0 0.415147 0.108398 0.047686 0.033203
0 0.308555 0.109375 0.044881 0.031250
0 0.468443 0.107422 0.047686 0.033203
0 0.654979 0.094727 0.036466 0.025391
0 0.363254 0.074219 0.058906 0.041016
0 0.737728 0.073242 0.058906 0.041016
0 0.844320 0.073242 0.058906 0.041016
0 0.417952 0.072266 0.058906 0.041016
0 0.906031 0.071289 0.058906 0.041016
0 0.685835 0.072266 0.053296 0.037109
0 0.628331 0.071289 0.056101 0.039062
0 0.523142 0.071289 0.056101 0.039062
0 0.576438 0.071289 0.056101 0.039062
0 0.251052 0.069336 0.058906 0.041016
0 0.307153 0.069336 0.058906 0.041016